              precision    recall  f1-score   support

           0     0.5812    0.5731    0.5771      5027
           1     0.6821    0.6521    0.6667      4978
           2     0.4950    0.4457    0.4691      5008
           3     0.4216    0.3747    0.3968      4990
           4     0.5272    0.4792    0.5021      5060
           5     0.4810    0.5169    0.4983      4993
           6     0.5637    0.5293    0.5460      4980
           7     0.5899    0.6126    0.6011      4949
           8     0.6066    0.6981    0.6491      5005
           9     0.5999    0.6942    0.6436      5010

    accuracy                         0.5575     50000
   macro avg     0.5548    0.5576    0.5550     50000
weighted avg     0.5547    0.5575    0.5549     50000
