              precision    recall  f1-score   support

           0     0.4997    0.4585    0.4782      4964
           1     0.5764    0.5340    0.5544      5021
           2     0.3331    0.4283    0.3747      4941
           3     0.3590    0.2058    0.2616      5009
           4     0.4304    0.3945    0.4117      5011
           5     0.3759    0.4526    0.4107      4978
           6     0.4981    0.4208    0.4562      4993
           7     0.4857    0.5230    0.5036      5029
           8     0.5298    0.6064    0.5655      4990
           9     0.5168    0.5752    0.5444      5064

    accuracy                         0.4601     50000
   macro avg     0.4605    0.4599    0.4561     50000
weighted avg     0.4607    0.4601    0.4563     50000
