              precision    recall  f1-score   support

           0     0.6762    0.6673    0.6717      5001
           1     0.7861    0.7633    0.7745      5007
           2     0.5196    0.5903    0.5527      5018
           3     0.5008    0.4536    0.4760      4980
           4     0.6568    0.5812    0.6167      5041
           5     0.5132    0.6090    0.5570      5005
           6     0.7051    0.6467    0.6746      5035
           7     0.6913    0.6688    0.6799      4985
           8     0.7278    0.7818    0.7538      4982
           9     0.7785    0.7554    0.7668      4946

    accuracy                         0.6516     50000
   macro avg     0.6555    0.6517    0.6524     50000
weighted avg     0.6554    0.6516    0.6522     50000
